[ 6.00000000e+00 -4.50000000e+00  4.16333634e-16  7.50000000e-01
  0.00000000e+00  0.00000000e+00  0.00000000e+00  0.00000000e+00]
[-4.50000000e+00  1.05000000e+01 -6.75000000e+00  1.38777878e-16
  7.50000000e-01  0.00000000e+00  0.00000000e+00  0.00000000e+00]
[ 4.16333634e-16 -6.75000000e+00  1.20000000e+01 -6.75000000e+00
 -1.38777878e-16  7.50000000e-01  0.00000000e+00  0.00000000e+00]
[ 7.50000000e-01  1.38777878e-16 -6.75000000e+00  1.20000000e+01
 -6.75000000e+00  4.16333634e-16  7.50000000e-01  0.00000000e+00]
[ 0.00000000e+00  7.50000000e-01 -1.38777878e-16 -6.75000000e+00
  1.20000000e+01 -6.75000000e+00  9.71445147e-16  7.50000000e-01]
[ 0.00000000e+00  0.00000000e+00  7.50000000e-01  4.16333634e-16
 -6.75000000e+00  1.20000000e+01 -6.75000000e+00  9.71445147e-16]
[ 0.00000000e+00  0.00000000e+00  0.00000000e+00  7.50000000e-01
  9.71445147e-16 -6.75000000e+00  1.20000000e+01 -6.75000000e+00]
[ 0.00000000e+00  0.00000000e+00  0.00000000e+00  0.00000000e+00
  7.50000000e-01  9.71445147e-16 -6.75000000e+00  1.05000000e+01]
